0	9949	51	0
1	9940	59	1
2	9922	77	1
3	9903	95	2
4	9891	107	2
5	9879	119	2
6	9868	127	5
7	9859	134	7
8	9856	137	7
9	9849	144	7
10	9830	163	7
11	9821	169	10
12	9808	180	12
13	9804	184	12
14	9776	211	13
15	9756	228	16
16	9743	240	17
17	9721	262	17
18	9680	302	18
19	9664	316	20
20	9644	335	21
21	9616	362	22
22	9583	391	26
23	9552	417	31
24	9515	450	35
25	9468	493	39
26	9408	552	40
27	9354	602	44
28	9292	662	46
29	9209	742	49
30	9145	802	53
31	9072	869	59
32	8989	947	64
33	8896	1035	69
34	8833	1093	74
35	8755	1168	77
36	8687	1229	84
37	8602	1307	91
38	8535	1368	97
39	8449	1445	106
40	8371	1515	114
41	8252	1623	125
42	8165	1705	130
43	8059	1799	142
44	7973	1870	157
45	7837	1986	177
46	7692	2110	198
47	7596	2190	214
48	7491	2284	225
49	7388	2371	241
50	7289	2449	262
51	7122	2601	277
52	7019	2694	287
53	6944	2753	303
54	6845	2831	324
55	6723	2935	342
56	6632	3012	356
57	6575	3047	378
58	6457	3155	388
59	6336	3257	407
60	6227	3347	426
61	6144	3408	448
62	6273	3252	475
63	6399	3096	505
64	6500	2979	521
65	6550	2909	541
66	6626	2819	555
67	6706	2722	572
68	6760	2652	588
69	6855	2532	613
70	6971	2399	630
71	7047	2307	646
72	7117	2227	656
73	7224	2107	669
74	7261	2061	678
75	7325	1978	697
76	7383	1909	708
77	7451	1832	717
78	7496	1781	723
79	7512	1754	734
80	7554	1697	749
81	7605	1638	757
82	7643	1589	768
83	7601	1623	776
84	7594	1618	788
85	7614	1585	801
86	7627	1566	807
87	7671	1515	814
88	7667	1509	824
89	7686	1485	829
90	7740	1422	838
91	7756	1405	839
92	7770	1382	848
93	7789	1356	855
94	7720	1417	863
95	7633	1492	875
96	7527	1593	880
97	7419	1686	895
98	7318	1776	906
99	7205	1884	911
100	7118	1956	926
101	7012	2050	938
102	6912	2139	949
103	6793	2242	965
104	6718	2306	976
105	6626	2380	994
106	6595	2399	1006
107	6520	2459	1021
108	6461	2495	1044
109	6345	2589	1066
110	6279	2644	1077
111	6205	2703	1092
112	6152	2736	1112
113	6092	2781	1127
114	6057	2799	1144
115	5980	2864	1156
116	5928	2896	1176
117	5860	2945	1195
118	5776	3008	1216
119	5743	3019	1238
120	5691	3050	1259
121	5630	3093	1277
122	5583	3111	1306
123	5493	3184	1323
124	5451	3203	1346
125	5474	3159	1367
126	5466	3139	1395
127	5474	3108	1418
128	5497	3066	1437
129	5515	3022	1463
130	5532	2979	1489
131	5518	2974	1508
132	5480	2993	1527
133	5415	3042	1543
134	5368	3061	1571
135	5328	3083	1589
136	5285	3096	1619
137	5280	3091	1629
138	5217	3133	1650
139	5135	3194	1671
140	5073	3225	1702
141	5045	3233	1722
142	5052	3201	1747
143	5050	3171	1779
144	5045	3166	1789
145	5019	3167	1814
146	5018	3146	1836
147	4992	3145	1863
148	4983	3134	1883
149	4959	3145	1896
150	4952	3131	1917
151	4970	3091	1939
152	4960	3081	1959
153	4942	3085	1973
154	4971	3043	1986
155	4967	3035	1998
156	4923	3054	2023
157	4928	3030	2042
158	4900	3047	2053
159	4946	2981	2073
160	4968	2933	2099
161	4975	2907	2118
162	4983	2881	2136
163	5032	2814	2154
164	5036	2791	2173
165	5041	2764	2195
166	5041	2745	2214
167	5036	2726	2238
168	5028	2718	2254
169	4993	2740	2267
170	4988	2727	2285
171	4961	2739	2300
172	4951	2731	2318
173	4981	2679	2340
174	4970	2670	2360
175	4970	2657	2373
176	4960	2649	2391
177	4931	2659	2410
178	4905	2672	2423
179	4920	2642	2438
180	4921	2626	2453
181	4965	2560	2475
182	4954	2548	2498
183	4952	2533	2515
184	4972	2488	2540
185	4989	2456	2555
186	4979	2451	2570
187	4925	2495	2580
188	4921	2483	2596
189	4948	2432	2620
190	4946	2419	2635
191	4970	2383	2647
192	4958	2383	2659
193	4978	2349	2673
194	4952	2357	2691
195	4953	2342	2705
196	4972	2308	2720
197	4947	2328	2725
198	4938	2324	2738
199	4894	2351	2755
200	4920	2310	2770
201	4929	2280	2791
202	4915	2275	2810
203	4946	2223	2831
204	4952	2204	2844
205	4951	2195	2854
206	4947	2187	2866
207	4947	2176	2877
208	4948	2164	2888
209	4940	2156	2904
210	4921	2166	2913
211	4912	2163	2925
212	4887	2179	2934
213	4906	2148	2946
214	4896	2139	2965
215	4895	2127	2978
216	4886	2125	2989
217	4891	2105	3004
218	4886	2097	3017
219	4909	2062	3029
220	4895	2067	3038
221	4900	2041	3059
222	4854	2071	3075
223	4857	2059	3084
224	4884	2023	3093
225	4923	1972	3105
226	4915	1966	3119
227	4941	1932	3127
228	4956	1906	3138
229	4952	1898	3150
230	4961	1872	3167
231	4946	1874	3180
232	4978	1833	3189
233	4936	1863	3201
234	4919	1871	3210
235	4916	1867	3217
236	4941	1828	3231
237	4923	1831	3246
238	4921	1826	3253
239	4916	1825	3259
240	4934	1800	3266
241	4955	1764	3281
242	4954	1756	3290
243	4914	1789	3297
244	4932	1762	3306
245	4930	1759	3311
246	4953	1724	3323
247	4964	1695	3341
248	4949	1696	3355
249	4929	1700	3371
250	4933	1683	3384
251	4922	1683	3395
252	4926	1675	3399
253	4934	1656	3410
254	4918	1663	3419
255	4914	1658	3428
256	4901	1661	3438
257	4912	1639	3449
258	4919	1619	3462
259	4928	1598	3474
260	4940	1578	3482
261	4937	1569	3494
262	4947	1547	3506
263	4948	1539	3513
264	4958	1514	3528
265	4965	1496	3539
266	4967	1481	3552
267	4961	1473	3566
268	4948	1476	3576
269	4943	1472	3585
270	4914	1495	3591
271	4926	1475	3599
272	4946	1444	3610
273	4926	1459	3615
274	4937	1439	3624
275	4922	1444	3634
276	4938	1419	3643
277	4943	1407	3650
278	4943	1397	3660
279	4935	1400	3665
280	4925	1401	3674
281	4944	1373	3683
282	4953	1353	3694
283	4966	1329	3705
284	4987	1304	3709
285	4990	1293	3717
286	5009	1270	3721
287	4991	1276	3733
288	5004	1258	3738
289	4988	1270	3742
290	4963	1291	3746
291	4980	1270	3750
292	4982	1261	3757
293	4977	1259	3764
294	4966	1264	3770
295	4975	1245	3780
296	4976	1240	3784
297	4974	1229	3797
298	4947	1249	3804
299	4936	1251	3813
300	4946	1230	3824
301	4968	1199	3833
302	5009	1152	3839
303	5039	1116	3845
304	5066	1081	3853
305	5072	1067	3861
306	5081	1053	3866
307	5073	1057	3870
308	5085	1039	3876
309	5081	1039	3880
310	5093	1019	3888
311	5100	1006	3894
312	5094	1003	3903
313	5084	1005	3911
314	5094	991	3915
315	5092	985	3923
316	5123	948	3929
317	5120	942	3938
318	5136	918	3946
319	5151	898	3951
320	5165	877	3958
321	5183	857	3960
322	5171	865	3964
323	5178	852	3970
324	5212	811	3977
325	5213	806	3981
326	5196	821	3983
327	5208	805	3987
328	5209	803	3988
329	5224	783	3993
330	5226	773	4001
331	5246	747	4007
332	5273	719	4008
333	5275	715	4010
334	5268	719	4013
335	5262	720	4018
336	5243	730	4027
337	5238	727	4035
338	5230	727	4043
339	5236	713	4051
340	5222	723	4055
341	5242	698	4060
342	5257	678	4065
343	5271	660	4069
344	5280	650	4070
345	5287	642	4071
346	5301	624	4075
347	5297	623	4080
348	5303	612	4085
349	5302	611	4087
350	5287	624	4089
351	5294	611	4095
352	5309	594	4097
353	5310	589	4101
354	5331	563	4106
355	5339	551	4110
356	5323	564	4113
357	5339	547	4114
358	5330	550	4120
359	5320	555	4125
360	5334	537	4129
361	5357	510	4133
362	5366	501	4133
363	5366	500	4134
364	5372	492	4136
365	5369	492	4139
366	5366	495	4139
367	5351	505	4144
368	5366	487	4147
369	5353	497	4150
370	5362	486	4152
371	5357	489	4154
372	5368	473	4159
373	5384	454	4162
374	5392	445	4163
375	5390	444	4166
376	5382	449	4169
377	5378	453	4169
378	5387	442	4171
379	5385	441	4174
380	5399	424	4177
381	5402	419	4179
382	5415	402	4183
383	5417	400	4183
384	5418	396	4186
385	5422	389	4189
386	5433	374	4193
387	5428	377	4195
388	5420	382	4198
389	5426	372	4202
390	5416	380	4204
391	5424	371	4205
392	5429	364	4207
393	5433	358	4209
394	5431	359	4210
395	5410	377	4213
396	5411	375	4214
397	5410	372	4218
398	5399	382	4219
399	5393	384	4223
400	5399	375	4226
401	5413	360	4227
402	5412	361	4227
403	5410	361	4229
404	5413	358	4229
405	5419	351	4230
406	5423	341	4236
407	5421	342	4237
408	5418	344	4238
409	5426	335	4239
410	5423	335	4242
411	5430	325	4245
412	5420	331	4249
413	5420	327	4253
414	5431	314	4255
415	5440	302	4258
416	5439	300	4261
417	5442	292	4266
418	5441	291	4268
419	5440	292	4268
420	5455	276	4269
421	5457	269	4274
422	5455	267	4278
423	5467	253	4280
424	5472	247	4281
425	5466	251	4283
426	5467	248	4285
427	5464	250	4286
428	5469	244	4287
429	5478	233	4289
430	5488	221	4291
431	5497	212	4291
432	5505	201	4294
433	5508	193	4299
434	5513	188	4299
435	5521	179	4300
436	5522	176	4302
437	5509	188	4303
438	5505	191	4304
439	5510	184	4306
440	5512	181	4307
441	5508	183	4309
442	5508	181	4311
443	5493	195	4312
444	5489	198	4313
445	5482	203	4315
446	5474	207	4319
447	5478	202	4320
448	5474	203	4323
449	5471	202	4327
450	5475	198	4327
451	5486	187	4327
452	5488	183	4329
453	5492	177	4331
454	5497